1 0.18671875 0.04140625 0.371875 0.06875
1 0.16015625 0.19765625 0.3203125 0.05625
1 0.18828125 0.35 0.371875 0.0609375
1 0.1796875 0.5046875 0.3546875 0.0625
1 0.203125 0.6546875 0.4 0.059375
1 0.1921875 0.8125 0.378125 0.0625
1 0.1796875 0.9625 0.35625 0.075
0 0.75078125 0.04453125 0.371875 0.0703125
0 0.73359375 0.2 0.34375 0.06875
0 0.76015625 0.35234375 0.39375 0.0625
0 0.7390625 0.5046875 0.3546875 0.0625
0 0.77734375 0.65625 0.428125 0.0625
0 0.765625 0.81015625 0.403125 0.059375
0 0.753125 0.96484375 0.38125 0.0703125