1 0.96484375 0.13359375 0.0625 0.2625
1 0.8078125 0.11171875 0.059375 0.21875
1 0.6484375 0.134375 0.0640625 0.2546875
1 0.49296875 0.13046875 0.071875 0.2421875
1 0.33828125 0.13671875 0.075 0.25625
1 0.18203125 0.13671875 0.0625 0.26875
1 0.03359375 0.1359375 0.065625 0.259375
0 0.96015625 0.865625 0.065625 0.25625
0 0.803125 0.853125 0.071875 0.2359375
0 0.64609375 0.86875 0.071875 0.2625
0 0.4890625 0.859375 0.071875 0.246875
0 0.33671875 0.86953125 0.0625 0.259375
0 0.18125 0.871875 0.0609375 0.25625
0 0.02890625 0.87109375 0.0578125 0.2578125