0 0.05703125 0.23203125 0.071875 0.275
0 0.2109375 0.24765625 0.071875 0.2453125
0 0.3609375 0.2234375 0.075 0.28125
0 0.50546875 0.2328125 0.06875 0.2625
0 0.6515625 0.221875 0.06875 0.296875
0 0.8 0.2265625 0.0796875 0.29375
0 0.9421875 0.22578125 0.078125 0.278125
1 0.06171875 0.8453125 0.090625 0.2671875
1 0.21015625 0.865625 0.059375 0.2375
1 0.35859375 0.8421875 0.075 0.25625
1 0.50625 0.85 0.0921875 0.253125
1 0.64609375 0.8390625 0.0890625 0.2625
1 0.79453125 0.8421875 0.06875 0.2796875
1 0.940625 0.84921875 0.075 0.265625