0 0.73046875 0.05234375 0.4390625 0.08125
0 0.7109375 0.21015625 0.3921875 0.0734375
0 0.7421875 0.35546875 0.4546875 0.0734375
0 0.71640625 0.50390625 0.4109375 0.078125
0 0.7484375 0.6546875 0.4625 0.0734375
0 0.7390625 0.80625 0.4625 0.071875
0 0.734375 0.94765625 0.44375 0.0734375
1 0.2265625 0.05625 0.428125 0.078125
1 0.190625 0.20625 0.3546875 0.078125
1 0.2265625 0.35390625 0.428125 0.065625
1 0.2140625 0.50703125 0.4125 0.078125
1 0.23203125 0.653125 0.4375 0.075
1 0.2265625 0.80234375 0.428125 0.078125
1 0.2125 0.95 0.409375 0.071875