0 0.75234375 0.0609375 0.284375 0.065625
0 0.7421875 0.20859375 0.246875 0.071875
0 0.75859375 0.3546875 0.284375 0.06875
0 0.74296875 0.50234375 0.259375 0.0671875
0 0.76171875 0.6453125 0.284375 0.0796875
0 0.759375 0.790625 0.2796875 0.0734375
0 0.76171875 0.93515625 0.2796875 0.0734375
1 0.15703125 0.06015625 0.25625 0.0640625
1 0.13828125 0.2078125 0.21875 0.0703125
1 0.1578125 0.35234375 0.253125 0.075
1 0.1515625 0.49921875 0.25625 0.06875
1 0.1578125 0.6453125 0.2625 0.0765625
1 0.16015625 0.79453125 0.25625 0.0765625
1 0.15546875 0.9359375 0.2484375 0.0828125