0 0.73046875 0.05234375 0.4390625 0.08203125
0 0.7109375 0.21015625 0.3921875 0.0734375
0 0.7421875 0.35546875 0.4546875 0.0734375
0 0.71640625 0.50390625 0.4109375 0.07890625
0 0.7484375 0.6546875 0.46171875 0.0734375
0 0.7390625 0.80625 0.46171875 0.07265625
0 0.734375 0.94765625 0.44296875 0.0734375
1 0.2265625 0.05625 0.42734375 0.07734375
1 0.190625 0.20625 0.3546875 0.078125
1 0.2265625 0.35390625 0.42734375 0.06640625
1 0.2140625 0.50703125 0.41171875 0.078125
1 0.23203125 0.653125 0.43828125 0.07421875
1 0.2265625 0.80234375 0.42734375 0.07890625
1 0.2125 0.95 0.40859375 0.07109375