0 0.9328125 0.828125 0.0703125 0.253125
0 0.7859375 0.8125 0.0625 0.221875
0 0.6375 0.83359375 0.05625 0.240625
0 0.4921875 0.8203125 0.0671875 0.215625
0 0.3484375 0.83359375 0.0578125 0.240625
0 0.196875 0.834375 0.065625 0.25
0 0.05859375 0.8296875 0.05625 0.246875
1 0.9328125 0.14140625 0.0703125 0.24375
1 0.7828125 0.12421875 0.075 0.203125
1 0.63671875 0.14375 0.0625 0.24375
1 0.490625 0.13828125 0.065625 0.2328125
1 0.34609375 0.1421875 0.0625 0.25
1 0.20234375 0.1375 0.0625 0.24375
1 0.0578125 0.13671875 0.0625 0.2375