1 0.2203125 0.04140625 0.434375 0.065625
1 0.1828125 0.19765625 0.35625 0.075
1 0.2203125 0.34765625 0.4265625 0.08125
1 0.2078125 0.50390625 0.403125 0.071875
1 0.22421875 0.65625 0.434375 0.0703125
1 0.21953125 0.80546875 0.425 0.0703125
1 0.2078125 0.959375 0.4109375 0.08125
0 0.72265625 0.03984375 0.4375 0.078125
0 0.69921875 0.19296875 0.390625 0.0734375
0 0.73671875 0.3453125 0.465625 0.084375
0 0.71328125 0.50078125 0.41875 0.0796875
0 0.740625 0.653125 0.4609375 0.08125
0 0.73671875 0.8 0.453125 0.084375
0 0.72265625 0.9546875 0.4484375 0.090625