1 0.2203125 0.04140625 0.43359375 0.06484375
1 0.1828125 0.19765625 0.35546875 0.075
1 0.2203125 0.34765625 0.4265625 0.08046875
1 0.2078125 0.50390625 0.40234375 0.07265625
1 0.22421875 0.65625 0.434375 0.0703125
1 0.21953125 0.80546875 0.42578125 0.0703125
1 0.2078125 0.959375 0.4109375 0.08125
0 0.72265625 0.03984375 0.43671875 0.07890625
0 0.69921875 0.19296875 0.39140625 0.0734375
0 0.73671875 0.3453125 0.46484375 0.08515625
0 0.71328125 0.50078125 0.41875 0.0796875
0 0.740625 0.653125 0.4609375 0.08125
0 0.73671875 0.8 0.45390625 0.08515625
0 0.72265625 0.9546875 0.4484375 0.090625