1 0.1859375 0.03984375 0.3671875 0.075
1 0.1609375 0.19140625 0.3109375 0.07421875
1 0.18828125 0.334375 0.36953125 0.07421875
1 0.18046875 0.484375 0.35234375 0.07578125
1 0.20234375 0.63359375 0.40234375 0.08203125
1 0.19140625 0.78515625 0.37265625 0.07734375
1 0.1796875 0.93046875 0.34921875 0.0734375
0 0.7390625 0.04296875 0.375 0.08046875
0 0.72578125 0.1890625 0.3421875 0.09140625
0 0.75234375 0.33828125 0.390625 0.0640625
0 0.73046875 0.48984375 0.35859375 0.07265625
0 0.76484375 0.63359375 0.42578125 0.078125
0 0.75234375 0.7796875 0.3984375 0.084375
0 0.74140625 0.92734375 0.38203125 0.07578125