1 0.95859375 0.2203125 0.065625 0.434375
1 0.80234375 0.1828125 0.075 0.35625
1 0.65234375 0.2203125 0.08125 0.4265625
1 0.49609375 0.2078125 0.071875 0.403125
1 0.34375 0.22421875 0.0703125 0.434375
1 0.19453125 0.21953125 0.0703125 0.425
1 0.040625 0.2078125 0.08125 0.4109375
0 0.96015625 0.72265625 0.078125 0.4375
0 0.80703125 0.69921875 0.0734375 0.390625
0 0.6546875 0.73671875 0.084375 0.465625
0 0.49921875 0.71328125 0.0796875 0.41875
0 0.346875 0.740625 0.08125 0.4609375
0 0.2 0.73671875 0.084375 0.453125
0 0.0453125 0.72265625 0.090625 0.4484375