0 0.0671875 0.171875 0.0703125 0.253125
0 0.2140625 0.1875 0.0625 0.221875
0 0.3625 0.16640625 0.05625 0.240625
0 0.5078125 0.1796875 0.0671875 0.215625
0 0.6515625 0.16640625 0.0578125 0.240625
0 0.803125 0.165625 0.065625 0.25
0 0.94140625 0.1703125 0.05625 0.246875
1 0.0671875 0.85859375 0.0703125 0.24375
1 0.2171875 0.87578125 0.075 0.203125
1 0.36328125 0.85625 0.0625 0.24375
1 0.509375 0.86171875 0.065625 0.2328125
1 0.65390625 0.8578125 0.0625 0.25
1 0.79765625 0.8625 0.0625 0.24375
1 0.9421875 0.86328125 0.0625 0.2375