1 0.04453125 0.846875 0.071875 0.2578125
1 0.196875 0.86640625 0.0625 0.20625
1 0.34921875 0.8515625 0.075 0.2359375
1 0.49375 0.85703125 0.075 0.225
1 0.6421875 0.8515625 0.071875 0.2453125
1 0.79140625 0.85078125 0.06875 0.240625
1 0.94296875 0.85234375 0.0640625 0.234375
0 0.046875 0.17734375 0.065625 0.25
0 0.2015625 0.1875 0.0640625 0.23125
0 0.34921875 0.16953125 0.08125 0.253125
0 0.4984375 0.1859375 0.0671875 0.225
0 0.64375 0.17421875 0.06875 0.25625
0 0.7953125 0.16796875 0.078125 0.253125
0 0.94375 0.16875 0.06875 0.25