1 0.96015625 0.1859375 0.075 0.3671875
1 0.80859375 0.1609375 0.075 0.3109375
1 0.665625 0.18828125 0.075 0.36875
1 0.515625 0.18046875 0.075 0.353125
1 0.36640625 0.20234375 0.08125 0.403125
1 0.21484375 0.19140625 0.078125 0.371875
1 0.06953125 0.1796875 0.0734375 0.35
0 0.95703125 0.7390625 0.08125 0.375
0 0.8109375 0.72578125 0.090625 0.3421875
0 0.66171875 0.75234375 0.0640625 0.390625
0 0.51015625 0.73046875 0.071875 0.359375
0 0.36640625 0.76484375 0.078125 0.425
0 0.2203125 0.75234375 0.084375 0.3984375
0 0.07265625 0.74140625 0.075 0.38125