0 0.725 0.05625 0.43125 0.0734375
0 0.70390625 0.21015625 0.3859375 0.0734375
0 0.73671875 0.35859375 0.45390625 0.07890625
0 0.709375 0.5046875 0.40703125 0.07265625
0 0.74140625 0.6578125 0.46015625 0.084375
0 0.7359375 0.8015625 0.46015625 0.07734375
0 0.728125 0.9484375 0.43671875 0.075
1 0.2265625 0.06015625 0.4296875 0.0765625
1 0.18984375 0.21015625 0.35625 0.08125
1 0.22421875 0.3609375 0.42578125 0.08046875
1 0.2109375 0.50546875 0.39921875 0.06484375
1 0.22578125 0.6515625 0.43125 0.0765625
1 0.22109375 0.8015625 0.4328125 0.07734375
1 0.2125 0.9453125 0.41171875 0.07421875