0 0.7734375 0.06328125 0.27109375 0.075
0 0.7609375 0.209375 0.240625 0.071875
0 0.7828125 0.3578125 0.284375 0.07109375
0 0.7671875 0.50234375 0.2703125 0.07578125
0 0.778125 0.65078125 0.275 0.0765625
0 0.778125 0.79140625 0.2859375 0.08203125
0 0.78125 0.93671875 0.275 0.08125
1 0.16796875 0.0609375 0.27734375 0.071875
1 0.1453125 0.215625 0.24921875 0.0671875
1 0.17109375 0.3578125 0.271875 0.07109375
1 0.15625 0.50078125 0.26484375 0.06875
1 0.16484375 0.64453125 0.27109375 0.071875
1 0.1671875 0.7953125 0.2703125 0.07734375
1 0.1546875 0.93515625 0.2625 0.06875