0 0.94140625 0.77890625 0.0625 0.265625
0 0.7953125 0.76796875 0.078125 0.23125
0 0.64921875 0.78515625 0.0609375 0.290625
0 0.5 0.76875 0.05625 0.2578125
0 0.36015625 0.784375 0.0640625 0.278125
0 0.2125 0.78671875 0.05625 0.2875
0 0.06484375 0.78125 0.071875 0.2703125
1 0.94375 0.1671875 0.065625 0.2578125
1 0.79453125 0.14765625 0.0625 0.2078125
1 0.6484375 0.16796875 0.0625 0.265625
1 0.5046875 0.15859375 0.065625 0.253125
1 0.35703125 0.17109375 0.065625 0.2546875
1 0.21640625 0.16796875 0.0671875 0.2703125
1 0.071875 0.16640625 0.0625 0.25