0 0.74296875 0.06953125 0.37421875 0.08828125
0 0.728125 0.221875 0.3453125 0.06953125
0 0.75390625 0.3671875 0.39296875 0.07421875
0 0.734375 0.51015625 0.34765625 0.0671875
0 0.76796875 0.65625 0.42265625 0.07734375
0 0.7578125 0.803125 0.3953125 0.0765625
0 0.74765625 0.94296875 0.37421875 0.071875
1 0.1921875 0.071875 0.3671875 0.084375
1 0.16796875 0.21796875 0.31015625 0.07421875
1 0.19296875 0.36328125 0.36640625 0.075
1 0.18515625 0.50859375 0.353125 0.0765625
1 0.20859375 0.6546875 0.39609375 0.07421875
1 0.196875 0.7984375 0.3703125 0.06796875
1 0.18515625 0.94609375 0.346875 0.07265625