0 0.77890625 0.05859375 0.265625 0.0625
0 0.76796875 0.2046875 0.23203125 0.07890625
0 0.78515625 0.35078125 0.28984375 0.0609375
0 0.76875 0.5 0.2578125 0.05546875
0 0.784375 0.63984375 0.27734375 0.0640625
0 0.78671875 0.7875 0.2875 0.05703125
0 0.78125 0.93515625 0.2703125 0.07265625
1 0.1671875 0.05625 0.2578125 0.065625
1 0.14765625 0.20546875 0.2078125 0.06328125
1 0.16796875 0.3515625 0.265625 0.0625
1 0.15859375 0.4953125 0.25234375 0.06640625
1 0.17109375 0.64296875 0.2546875 0.06484375
1 0.16796875 0.78359375 0.2703125 0.0671875
1 0.16640625 0.928125 0.25 0.06328125