0 0.94921875 0.7984375 0.078125 0.29375
0 0.8 0.78203125 0.084375 0.253125
0 0.65546875 0.8046875 0.0875 0.2859375
0 0.50078125 0.79140625 0.084375 0.271875
0 0.34921875 0.80703125 0.09375 0.309375
0 0.20078125 0.8046875 0.078125 0.3
0 0.05078125 0.80859375 0.0828125 0.2828125
1 0.94921875 0.15859375 0.075 0.278125
1 0.80078125 0.1375 0.0859375 0.2625
1 0.64453125 0.1578125 0.08125 0.284375
1 0.5 0.1546875 0.08125 0.2421875
1 0.3484375 0.1578125 0.08125 0.271875
1 0.20078125 0.15703125 0.078125 0.28125
1 0.05078125 0.15234375 0.078125 0.271875