0 0.95234375 0.7515625 0.078125 0.375
0 0.79921875 0.73515625 0.084375 0.3390625
0 0.6578125 0.76015625 0.078125 0.4
0 0.50546875 0.73984375 0.08125 0.359375
0 0.36015625 0.77734375 0.078125 0.425
0 0.21171875 0.765625 0.06875 0.403125
0 0.071875 0.753125 0.075 0.3828125
1 0.94375 0.1921875 0.078125 0.371875
1 0.8 0.165625 0.075 0.315625
1 0.65234375 0.1921875 0.059375 0.36875
1 0.50859375 0.18515625 0.08125 0.353125
1 0.35859375 0.20859375 0.05625 0.403125
1 0.2125 0.1953125 0.06875 0.375
1 0.06796875 0.18125 0.06875 0.3546875