0 0.04765625 0.2484375 0.078125 0.375
0 0.20078125 0.26484375 0.084375 0.3390625
0 0.3421875 0.23984375 0.078125 0.4
0 0.49453125 0.26015625 0.08125 0.359375
0 0.63984375 0.22265625 0.078125 0.425
0 0.78828125 0.234375 0.06875 0.403125
0 0.928125 0.246875 0.075 0.3828125
1 0.05625 0.8078125 0.078125 0.371875
1 0.2 0.834375 0.075 0.315625
1 0.34765625 0.8078125 0.059375 0.36875
1 0.49140625 0.81484375 0.08125 0.353125
1 0.64140625 0.79140625 0.05625 0.403125
1 0.7875 0.8046875 0.06875 0.375
1 0.93203125 0.81875 0.06875 0.3546875