0 0.7515625 0.04765625 0.375 0.078125
0 0.73515625 0.20078125 0.3390625 0.08359375
0 0.76015625 0.3421875 0.40078125 0.078125
0 0.73984375 0.49453125 0.35859375 0.08203125
0 0.77734375 0.63984375 0.425 0.078125
0 0.765625 0.78828125 0.40234375 0.06953125
0 0.753125 0.928125 0.3828125 0.07421875
1 0.1921875 0.05625 0.37265625 0.078125
1 0.165625 0.2 0.315625 0.07421875
1 0.1921875 0.34765625 0.36796875 0.06015625
1 0.18515625 0.49140625 0.35234375 0.08125
1 0.20859375 0.64140625 0.40234375 0.05546875
1 0.1953125 0.7875 0.375 0.06796875
1 0.18125 0.93203125 0.3546875 0.06953125