0 0.73515625 0.05625 0.4421875 0.08515625
0 0.70546875 0.21171875 0.4 0.08125
0 0.7453125 0.36171875 0.46015625 0.09375
0 0.71953125 0.5171875 0.41875 0.0765625
0 0.74765625 0.66171875 0.48125 0.0796875
0 0.74453125 0.81328125 0.471875 0.0765625
0 0.7375 0.9609375 0.44453125 0.07734375
1 0.22421875 0.059375 0.43828125 0.07421875
1 0.18828125 0.209375 0.365625 0.0796875
1 0.22265625 0.36015625 0.44140625 0.0828125
1 0.20546875 0.5125 0.4109375 0.096875
1 0.2265625 0.6609375 0.44921875 0.08359375
1 0.21953125 0.81328125 0.4390625 0.07109375
1 0.21015625 0.9625 0.41640625 0.075