1 0.0640625 0.82421875 0.109375 0.3125
1 0.209375 0.84296875 0.103125 0.290625
1 0.35703125 0.82421875 0.096875 0.3125
1 0.50625 0.8296875 0.10625 0.296875
1 0.64921875 0.81875 0.096875 0.3125
1 0.7921875 0.825 0.09375 0.3046875
1 0.9359375 0.83359375 0.1 0.29375
0 0.0625 0.2453125 0.1125 0.321875
0 0.20625 0.25390625 0.096875 0.303125
0 0.35546875 0.2390625 0.096875 0.334375
0 0.5 0.2515625 0.1 0.303125
0 0.64609375 0.23125 0.103125 0.371875
0 0.79453125 0.23515625 0.103125 0.340625
0 0.9375 0.240625 0.1046875 0.325