1 0.93984375 0.1796875 0.103125 0.3125
1 0.79453125 0.1671875 0.0921875 0.278125
1 0.64765625 0.18359375 0.096875 0.309375
1 0.5015625 0.1734375 0.1 0.30625
1 0.353125 0.18828125 0.1 0.33125
1 0.2046875 0.184375 0.1 0.315625
1 0.05546875 0.17890625 0.109375 0.3046875
0 0.93984375 0.78515625 0.10625 0.340625
0 0.796875 0.77578125 0.096875 0.3
0 0.6484375 0.79765625 0.1 0.34375
0 0.49921875 0.7734375 0.1015625 0.30625
0 0.34921875 0.80234375 0.103125 0.346875
0 0.21171875 0.7875 0.09375 0.340625
0 0.053125 0.7921875 0.10625 0.35