0 0.940625 0.790625 0.0875 0.3125
0 0.79296875 0.78046875 0.0875 0.2984375
0 0.6421875 0.79921875 0.090625 0.33125
0 0.496875 0.778125 0.090625 0.3
0 0.35390625 0.80546875 0.0875 0.3421875
0 0.203125 0.7984375 0.084375 0.328125
0 0.05703125 0.79765625 0.0875 0.321875
1 0.93984375 0.175 0.090625 0.303125
1 0.7890625 0.1625 0.090625 0.265625
1 0.6484375 0.17265625 0.1 0.315625
1 0.4921875 0.165625 0.096875 0.3125
1 0.34765625 0.1875 0.0875 0.3328125
1 0.2015625 0.171875 0.0921875 0.33125
1 0.059375 0.1671875 0.0875 0.309375