1 0.17578125 0.0640625 0.31171875 0.11015625
1 0.15703125 0.209375 0.29140625 0.10390625
1 0.17578125 0.35703125 0.31171875 0.096875
1 0.1703125 0.50625 0.29609375 0.10546875
1 0.18125 0.64921875 0.3125 0.09765625
1 0.175 0.7921875 0.3046875 0.09375
1 0.16640625 0.9359375 0.29375 0.10078125
0 0.7546875 0.0625 0.32109375 0.11171875
0 0.74609375 0.20625 0.30390625 0.096875
0 0.7609375 0.35546875 0.334375 0.09765625
0 0.7484375 0.5 0.303125 0.10078125
0 0.76875 0.64609375 0.371875 0.10390625
0 0.76484375 0.79453125 0.340625 0.10234375
0 0.759375 0.9375 0.325 0.1046875