0 0.06484375 0.2140625 0.09375 0.31875
0 0.2140625 0.22421875 0.0875 0.296875
0 0.359375 0.20859375 0.096875 0.346875
0 0.51015625 0.2265625 0.090625 0.296875
0 0.6515625 0.1984375 0.084375 0.34375
0 0.7984375 0.20703125 0.0875 0.33125
0 0.94453125 0.20859375 0.090625 0.321875
1 0.0671875 0.83828125 0.0875 0.3046875
1 0.2125 0.85 0.084375 0.275
1 0.35859375 0.8328125 0.090625 0.303125
1 0.50703125 0.83671875 0.09375 0.296875
1 0.65234375 0.825 0.0890625 0.325
1 0.7953125 0.83046875 0.08125 0.321875
1 0.94375 0.83984375 0.0875 0.303125