0 0.790625 0.059375 0.3125 0.08828125
0 0.78046875 0.20703125 0.2984375 0.0875
0 0.79921875 0.3578125 0.33046875 0.09140625
0 0.778125 0.503125 0.29921875 0.08984375
0 0.80546875 0.64609375 0.3421875 0.08828125
0 0.7984375 0.796875 0.328125 0.084375
0 0.79765625 0.94296875 0.32109375 0.08828125
1 0.175 0.06015625 0.30234375 0.08984375
1 0.1625 0.2109375 0.26640625 0.090625
1 0.17265625 0.3515625 0.315625 0.10078125
1 0.165625 0.5078125 0.3125 0.09609375
1 0.1875 0.65234375 0.3328125 0.08828125
1 0.171875 0.7984375 0.33125 0.0921875
1 0.1671875 0.940625 0.309375 0.08828125