0 0.7796875 0.05859375 0.3234375 0.10390625
0 0.77109375 0.2078125 0.29921875 0.09296875
0 0.790625 0.3578125 0.33359375 0.09375
0 0.7734375 0.5015625 0.29921875 0.1015625
0 0.79453125 0.65 0.340625 0.0890625
0 0.78671875 0.79765625 0.3421875 0.09765625
0 0.784375 0.94296875 0.3375 0.10859375
1 0.16484375 0.0609375 0.3109375 0.0953125
1 0.14921875 0.2078125 0.28046875 0.09296875
1 0.16484375 0.3546875 0.3109375 0.09453125
1 0.1609375 0.4984375 0.30390625 0.090625
1 0.17265625 0.65078125 0.3265625 0.1
1 0.165625 0.796875 0.31796875 0.1
1 0.1609375 0.93984375 0.30390625 0.1015625