1 0.06015625 0.81796875 0.0859375 0.309375
1 0.2125 0.8421875 0.0859375 0.265625
1 0.3578125 0.82421875 0.071875 0.309375
1 0.49921875 0.82734375 0.0734375 0.29375
1 0.6515625 0.82421875 0.075 0.3125
1 0.796875 0.8203125 0.075 0.31875
1 0.946875 0.8234375 0.0828125 0.29375
0 0.06484375 0.21171875 0.078125 0.3125
0 0.21015625 0.225 0.0640625 0.28125
0 0.36015625 0.20546875 0.09375 0.321875
0 0.50703125 0.22109375 0.06875 0.296875
0 0.65390625 0.20703125 0.075 0.31875
0 0.7984375 0.209375 0.08125 0.3171875
0 0.946875 0.21171875 0.075 0.315625