1 0.1734375 0.0578125 0.2625 0.07265625
1 0.15390625 0.20234375 0.2125 0.0640625
1 0.17421875 0.3546875 0.25234375 0.06953125
1 0.175 0.4984375 0.23203125 0.07734375
1 0.18125 0.64453125 0.25546875 0.07109375
1 0.1765625 0.78828125 0.26875 0.06484375
1 0.1703125 0.9328125 0.25078125 0.071875
0 0.76796875 0.053125 0.26875 0.07109375
0 0.75625 0.2015625 0.2296875 0.0625
0 0.76875 0.346875 0.27578125 0.06796875
0 0.76171875 0.4953125 0.2453125 0.06640625
0 0.77265625 0.63984375 0.28515625 0.0703125
0 0.77109375 0.7859375 0.27578125 0.0671875
0 0.76875 0.928125 0.27578125 0.08828125