1 0.18203125 0.06015625 0.309375 0.0859375
1 0.1578125 0.2125 0.265625 0.0859375
1 0.17578125 0.3578125 0.309375 0.071875
1 0.17265625 0.49921875 0.29375 0.0734375
1 0.17578125 0.6515625 0.3125 0.075
1 0.1796875 0.796875 0.31875 0.075
1 0.1765625 0.946875 0.29375 0.0828125
0 0.78828125 0.06484375 0.3125 0.078125
0 0.775 0.21015625 0.28125 0.0640625
0 0.79453125 0.36015625 0.321875 0.09375
0 0.77890625 0.50703125 0.296875 0.06875
0 0.79296875 0.65390625 0.31875 0.075
0 0.790625 0.7984375 0.3171875 0.08125
0 0.78828125 0.946875 0.315625 0.075