1 0.14765625 0.059375 0.23359375 0.07109375
1 0.13046875 0.20859375 0.19921875 0.06484375
1 0.1484375 0.36015625 0.23515625 0.06328125
1 0.14453125 0.51328125 0.2140625 0.06953125
1 0.1484375 0.6625 0.23515625 0.06875
1 0.1484375 0.80625 0.23125 0.065625
1 0.15 0.9578125 0.22578125 0.07734375
0 0.79453125 0.0609375 0.240625 0.08203125
0 0.7859375 0.2140625 0.20625 0.07109375
0 0.80234375 0.3625 0.24375 0.08203125
0 0.784375 0.51640625 0.23203125 0.08046875
0 0.80078125 0.65859375 0.240625 0.07734375
0 0.803125 0.815625 0.240625 0.075
0 0.7984375 0.9578125 0.2359375 0.07734375