1 0.03828125 0.85 0.071875 0.3
1 0.196875 0.8578125 0.0765625 0.28125
1 0.35 0.8484375 0.075 0.29375
1 0.50390625 0.84296875 0.071875 0.30625
1 0.66015625 0.85234375 0.071875 0.2875
1 0.81171875 0.846875 0.0640625 0.296875
1 0.965625 0.8390625 0.0640625 0.30625
0 0.03828125 0.20625 0.0765625 0.309375
0 0.1953125 0.203125 0.065625 0.3
0 0.35078125 0.19140625 0.06875 0.321875
0 0.50625 0.2 0.071875 0.309375
0 0.659375 0.19765625 0.065625 0.3125
0 0.8125 0.190625 0.0625 0.31875
0 0.96640625 0.1828125 0.05625 0.3375