0 0.0609375 0.2171875 0.078125 0.29375
0 0.20859375 0.21953125 0.059375 0.29375
0 0.353125 0.209375 0.059375 0.30625
0 0.50234375 0.21484375 0.059375 0.2984375
0 0.6484375 0.21328125 0.0625 0.30625
0 0.796875 0.21171875 0.071875 0.3203125
0 0.9390625 0.19765625 0.0625 0.3328125
1 0.0640625 0.840625 0.0765625 0.28125
1 0.20703125 0.85546875 0.065625 0.26875
1 0.34921875 0.8359375 0.0625 0.284375
1 0.5 0.83515625 0.0625 0.284375
1 0.64453125 0.8484375 0.0578125 0.278125
1 0.78828125 0.840625 0.071875 0.28125
1 0.94140625 0.8359375 0.06875 0.290625