1 0.05 0.84296875 0.09375 0.296875
1 0.203125 0.84921875 0.0875 0.2765625
1 0.353125 0.83984375 0.075 0.303125
1 0.50390625 0.83359375 0.084375 0.3125
1 0.65234375 0.84609375 0.08125 0.284375
1 0.80703125 0.84140625 0.06875 0.296875
1 0.95390625 0.8328125 0.0890625 0.3015625
0 0.05234375 0.20625 0.08125 0.3078125
0 0.19921875 0.2046875 0.08125 0.3140625
0 0.34921875 0.196875 0.0796875 0.325
0 0.50625 0.20390625 0.071875 0.3109375
0 0.65703125 0.2015625 0.078125 0.3203125
0 0.80546875 0.19609375 0.078125 0.3234375
0 0.95703125 0.18359375 0.0859375 0.340625