1 0.15546875 0.04453125 0.3015625 0.0875
1 0.146875 0.19296875 0.2765625 0.0875
1 0.15625 0.3421875 0.29609375 0.0859375
1 0.16015625 0.49453125 0.30390625 0.0890625
1 0.14921875 0.646875 0.290625 0.08828125
1 0.15546875 0.796875 0.290625 0.0875
1 0.16015625 0.94765625 0.30390625 0.07578125
0 0.7875 0.04296875 0.31171875 0.08046875
0 0.78984375 0.190625 0.31171875 0.07890625
0 0.8 0.3421875 0.31640625 0.08203125
0 0.7921875 0.4921875 0.309375 0.071875
0 0.790625 0.64765625 0.321875 0.08984375
0 0.79765625 0.7984375 0.3203125 0.07734375
0 0.80859375 0.95078125 0.3375 0.08046875