0 0.79296875 0.06484375 0.296875 0.078125
0 0.78984375 0.20625 0.303125 0.06875
0 0.8015625 0.35390625 0.3171875 0.075
0 0.79375 0.50234375 0.3015625 0.065625
0 0.796875 0.65 0.3046875 0.05625
0 0.803125 0.7984375 0.309375 0.0734375
0 0.8140625 0.94375 0.31875 0.071875
1 0.1625 0.06484375 0.2875 0.075
1 0.15234375 0.2109375 0.2671875 0.0734375
1 0.1609375 0.3578125 0.2875 0.0546875
1 0.16484375 0.5046875 0.29375 0.0609375
1 0.15546875 0.65078125 0.275 0.065625
1 0.159375 0.8 0.284375 0.059375
1 0.16796875 0.9453125 0.296875 0.053125