0 0.71171875 0.06640625 0.3625 0.0640625
0 0.72109375 0.2078125 0.38125 0.0625
0 0.73203125 0.35546875 0.4 0.0625
0 0.71953125 0.50546875 0.375 0.075
0 0.7296875 0.65 0.4078125 0.059375
0 0.73203125 0.79765625 0.403125 0.0546875
0 0.74296875 0.94375 0.415625 0.059375
1 0.2015625 0.065625 0.3625 0.0625
1 0.1921875 0.209375 0.3453125 0.0625
1 0.20078125 0.35625 0.3671875 0.059375
1 0.20859375 0.5109375 0.378125 0.06875
1 0.2046875 0.65 0.3796875 0.065625
1 0.20625 0.7984375 0.3640625 0.059375
1 0.2125 0.94609375 0.375 0.059375