0 0.7203125 0.0625 0.3828125 0.075
0 0.7296875 0.2046875 0.39140625 0.0578125
0 0.73984375 0.346875 0.4109375 0.0671875
0 0.7234375 0.49609375 0.384375 0.0546875
0 0.74140625 0.64140625 0.4109375 0.0609375
0 0.74296875 0.784375 0.40390625 0.07578125
0 0.74765625 0.92421875 0.41796875 0.06875
1 0.19765625 0.05703125 0.365625 0.06640625
1 0.18828125 0.20390625 0.35 0.06171875
1 0.2046875 0.3484375 0.359375 0.05390625
1 0.209375 0.496875 0.378125 0.05625
1 0.20546875 0.63671875 0.375 0.06015625
1 0.20390625 0.784375 0.3578125 0.059375
1 0.20703125 0.93125 0.38359375 0.0578125