0 0.93359375 0.71171875 0.0640625 0.3625
0 0.7921875 0.72109375 0.0625 0.38125
0 0.64453125 0.73203125 0.0625 0.4
0 0.49453125 0.71953125 0.075 0.375
0 0.35 0.7296875 0.059375 0.4078125
0 0.20234375 0.73203125 0.0546875 0.403125
0 0.05625 0.74296875 0.059375 0.415625
1 0.934375 0.2015625 0.0625 0.3625
1 0.790625 0.1921875 0.0625 0.3453125
1 0.64375 0.20078125 0.059375 0.3671875
1 0.4890625 0.20859375 0.06875 0.378125
1 0.35 0.2046875 0.065625 0.3796875
1 0.2015625 0.20625 0.059375 0.3640625
1 0.05390625 0.2125 0.059375 0.375