1 0.06015625 0.8015625 0.0734375 0.359375
1 0.20625 0.80859375 0.071875 0.3359375
1 0.35 0.79609375 0.071875 0.35625
1 0.50078125 0.79140625 0.071875 0.36875
1 0.6453125 0.79609375 0.071875 0.3703125
1 0.78984375 0.79375 0.071875 0.35625
1 0.93984375 0.790625 0.071875 0.3671875
0 0.06015625 0.30234375 0.08125 0.36875
0 0.20703125 0.3015625 0.0765625 0.384375
0 0.35390625 0.28359375 0.06875 0.4
0 0.50234375 0.303125 0.065625 0.3765625
0 0.64609375 0.2890625 0.0625 0.4
0 0.79296875 0.2875 0.065625 0.39375
0 0.9375 0.27421875 0.0734375 0.4