1 0.959375 0.15703125 0.0671875 0.2953125
1 0.80078125 0.13515625 0.06875 0.2453125
1 0.64453125 0.1578125 0.0625 0.296875
1 0.48828125 0.14765625 0.0625 0.28125
1 0.33515625 0.15625 0.065625 0.2875
1 0.18125 0.15859375 0.065625 0.28125
1 0.02890625 0.1515625 0.05625 0.2734375
0 0.9578125 0.82265625 0.071875 0.2875
0 0.7984375 0.81015625 0.065625 0.2609375
0 0.64453125 0.8328125 0.059375 0.3
0 0.490625 0.8171875 0.0640625 0.2703125
0 0.33671875 0.83125 0.0625 0.296875
0 0.178125 0.8296875 0.06875 0.3
0 0.03125 0.828125 0.0625 0.29375