1 0.13359375 0.03515625 0.2625 0.06171875
1 0.11171875 0.1921875 0.21796875 0.059375
1 0.134375 0.3515625 0.2546875 0.0640625
1 0.13046875 0.50703125 0.2421875 0.071875
1 0.13671875 0.66171875 0.25625 0.07578125
1 0.13671875 0.81796875 0.26796875 0.06328125
1 0.1359375 0.96640625 0.25859375 0.06484375
0 0.865625 0.03984375 0.25546875 0.065625
0 0.853125 0.196875 0.2359375 0.07109375
0 0.86875 0.35390625 0.2625 0.07265625
0 0.859375 0.5109375 0.24765625 0.07109375
0 0.86953125 0.66328125 0.26015625 0.0625
0 0.871875 0.81875 0.25625 0.0609375
0 0.87109375 0.97109375 0.2578125 0.0578125