1 0.15703125 0.040625 0.2953125 0.0671875
1 0.13515625 0.19921875 0.2453125 0.06875
1 0.1578125 0.35546875 0.296875 0.0625
1 0.14765625 0.51171875 0.28125 0.0625
1 0.15625 0.66484375 0.2875 0.065625
1 0.15859375 0.81875 0.28125 0.065625
1 0.1515625 0.97109375 0.2734375 0.05625
0 0.82265625 0.0421875 0.2875 0.071875
0 0.81015625 0.2015625 0.2609375 0.065625
0 0.8328125 0.35546875 0.3 0.059375
0 0.8171875 0.509375 0.2703125 0.0640625
0 0.83125 0.66328125 0.296875 0.0625
0 0.8296875 0.821875 0.3 0.06875
0 0.828125 0.96875 0.29375 0.0625