0 0.815625 0.0609375 0.24453125 0.075
0 0.8015625 0.20703125 0.20078125 0.06484375
0 0.82265625 0.35546875 0.25 0.0734375
0 0.81171875 0.503125 0.215625 0.059375
0 0.8234375 0.65546875 0.2484375 0.059375
0 0.8203125 0.8 0.2546875 0.06328125
0 0.82265625 0.94609375 0.2296875 0.06328125
1 0.15390625 0.0609375 0.23515625 0.075
1 0.134375 0.2078125 0.20546875 0.059375
1 0.14921875 0.35234375 0.23046875 0.07578125
1 0.15 0.50234375 0.21875 0.075
1 0.14921875 0.6484375 0.23984375 0.0609375
1 0.15078125 0.8015625 0.2296875 0.06328125
1 0.14765625 0.95 0.23046875 0.05859375