0 0.0609375 0.184375 0.075 0.24375
0 0.20703125 0.1984375 0.065625 0.2
0 0.35546875 0.17734375 0.0734375 0.25
0 0.503125 0.18828125 0.059375 0.215625
0 0.65546875 0.1765625 0.059375 0.2484375
0 0.8 0.1796875 0.0625 0.2546875
0 0.94609375 0.17734375 0.0625 0.2296875
1 0.0609375 0.84609375 0.075 0.234375
1 0.2078125 0.865625 0.059375 0.20625
1 0.35234375 0.85078125 0.075 0.23125
1 0.50234375 0.85 0.075 0.21875
1 0.6484375 0.85078125 0.0609375 0.240625
1 0.8015625 0.84921875 0.0625 0.2296875
1 0.95 0.85234375 0.059375 0.23125