0 0.76796875 0.05703125 0.27578125 0.071875
0 0.75234375 0.2109375 0.2453125 0.07109375
0 0.7765625 0.3609375 0.28203125 0.07578125
0 0.7671875 0.50546875 0.26328125 0.06953125
0 0.778125 0.6515625 0.296875 0.06953125
0 0.7734375 0.8 0.29296875 0.0796875
0 0.77421875 0.9421875 0.27734375 0.078125
1 0.1546875 0.06171875 0.2671875 0.08984375
1 0.134375 0.21015625 0.23828125 0.06015625
1 0.1578125 0.35859375 0.25625 0.07421875
1 0.15 0.50625 0.25234375 0.0921875
1 0.1609375 0.64609375 0.26328125 0.0890625
1 0.1578125 0.79453125 0.2796875 0.06953125
1 0.15078125 0.940625 0.265625 0.07421875