0 0.0609375 0.24765625 0.065625 0.284375
0 0.20859375 0.2578125 0.071875 0.246875
0 0.3546875 0.24140625 0.06875 0.284375
0 0.50234375 0.25703125 0.0671875 0.259375
0 0.6453125 0.23828125 0.0796875 0.284375
0 0.790625 0.240625 0.0734375 0.2796875
0 0.93515625 0.23828125 0.0734375 0.2796875
1 0.06015625 0.84296875 0.0640625 0.25625
1 0.2078125 0.86171875 0.0703125 0.21875
1 0.35234375 0.8421875 0.075 0.253125
1 0.49921875 0.8484375 0.06875 0.25625
1 0.6453125 0.8421875 0.0765625 0.2625
1 0.79453125 0.83984375 0.0765625 0.25625
1 0.9359375 0.84453125 0.0828125 0.2484375