0 0.725 0.05625 0.43125 0.0734375
0 0.70390625 0.21015625 0.3859375 0.0734375
0 0.73671875 0.35859375 0.453125 0.078125
0 0.709375 0.5046875 0.40625 0.071875
0 0.74140625 0.6578125 0.459375 0.084375
0 0.7359375 0.8015625 0.459375 0.078125
0 0.728125 0.9484375 0.4375 0.075
1 0.2265625 0.06015625 0.4296875 0.0765625
1 0.18984375 0.21015625 0.35625 0.08125
1 0.22421875 0.3609375 0.425 0.08125
1 0.2109375 0.50546875 0.4 0.065625
1 0.22578125 0.6515625 0.43125 0.0765625
1 0.22109375 0.8015625 0.4328125 0.078125
1 0.2125 0.9453125 0.4125 0.075