0 0.93671875 0.7734375 0.075 0.271875
0 0.790625 0.7609375 0.071875 0.240625
0 0.6421875 0.7828125 0.071875 0.284375
0 0.49765625 0.7671875 0.075 0.2703125
0 0.34921875 0.778125 0.0765625 0.275
0 0.20859375 0.778125 0.08125 0.2859375
0 0.06328125 0.78125 0.08125 0.275
1 0.9390625 0.16796875 0.071875 0.278125
1 0.784375 0.1453125 0.0671875 0.25
1 0.6421875 0.17109375 0.071875 0.271875
1 0.49921875 0.15625 0.06875 0.265625
1 0.35546875 0.16484375 0.071875 0.271875
1 0.2046875 0.1671875 0.078125 0.2703125
1 0.06484375 0.1546875 0.06875 0.2625