0 0.0546875 0.25625 0.084375 0.371875
0 0.2078125 0.27265625 0.075 0.340625
0 0.353125 0.246875 0.065625 0.39375
0 0.49765625 0.26484375 0.0734375 0.35
0 0.64375 0.23046875 0.08125 0.4234375
0 0.7921875 0.24296875 0.08125 0.4015625
0 0.9375 0.2546875 0.0859375 0.3796875
1 0.06015625 0.8078125 0.08125 0.3625
1 0.203125 0.83671875 0.08125 0.3125
1 0.35 0.8078125 0.071875 0.3625
1 0.49921875 0.81328125 0.0671875 0.3515625
1 0.6453125 0.79296875 0.065625 0.4015625
1 0.78671875 0.80546875 0.065625 0.375
1 0.9375 0.8140625 0.0765625 0.346875