1 0.153125 0.04453125 0.2578125 0.07109375
1 0.13359375 0.196875 0.20703125 0.06328125
1 0.1484375 0.34921875 0.2359375 0.07578125
1 0.14296875 0.49375 0.22578125 0.07421875
1 0.1484375 0.6421875 0.2453125 0.07109375
1 0.14921875 0.79140625 0.24140625 0.06875
1 0.14765625 0.94296875 0.234375 0.0640625
0 0.82265625 0.046875 0.25078125 0.06640625
0 0.8125 0.2015625 0.23046875 0.0640625
0 0.83046875 0.34921875 0.25234375 0.08125
0 0.8140625 0.4984375 0.22421875 0.0671875
0 0.82578125 0.64375 0.25546875 0.06953125
0 0.83203125 0.7953125 0.25234375 0.07734375
0 0.83125 0.94375 0.25078125 0.06953125