1 0.14375 0.040625 0.2796875 0.08125
1 0.1265625 0.18515625 0.23984375 0.06796875
1 0.1453125 0.33125 0.2765625 0.08828125
1 0.134375 0.484375 0.26796875 0.07734375
1 0.15 0.63203125 0.28671875 0.0765625
1 0.14765625 0.77421875 0.28125 0.0765625
1 0.1390625 0.9234375 0.2640625 0.08125
0 0.78984375 0.03984375 0.29140625 0.0703125
0 0.775 0.1859375 0.26171875 0.0734375
0 0.796875 0.33359375 0.31171875 0.0765625
0 0.77734375 0.48515625 0.296875 0.075
0 0.79140625 0.63203125 0.3125 0.0671875
0 0.79609375 0.778125 0.3171875 0.06640625
0 0.79140625 0.9203125 0.30703125 0.0796875