0 0.74375 0.0546875 0.37109375 0.08359375
0 0.72734375 0.2078125 0.34140625 0.07421875
0 0.753125 0.353125 0.39296875 0.06640625
0 0.73515625 0.49765625 0.35 0.0734375
0 0.76953125 0.64375 0.4234375 0.08203125
0 0.75703125 0.7921875 0.4015625 0.08125
0 0.7453125 0.9375 0.3796875 0.0859375
1 0.1921875 0.06015625 0.36328125 0.08125
1 0.16328125 0.203125 0.31328125 0.08125
1 0.1921875 0.35 0.36328125 0.07265625
1 0.18671875 0.49921875 0.3515625 0.0671875
1 0.20703125 0.6453125 0.4015625 0.06484375
1 0.19453125 0.78671875 0.37421875 0.065625
1 0.1859375 0.9375 0.34609375 0.0765625