0 0.05625 0.275 0.0734375 0.43125
0 0.21015625 0.29609375 0.0734375 0.3859375
0 0.35859375 0.26328125 0.078125 0.453125
0 0.5046875 0.290625 0.071875 0.40625
0 0.6578125 0.25859375 0.084375 0.459375
0 0.8015625 0.2640625 0.078125 0.459375
0 0.9484375 0.271875 0.075 0.4375
1 0.06015625 0.7734375 0.0765625 0.4296875
1 0.21015625 0.81015625 0.08125 0.35625
1 0.3609375 0.77578125 0.08125 0.425
1 0.50546875 0.7890625 0.065625 0.4
1 0.6515625 0.77421875 0.0765625 0.43125
1 0.8015625 0.77890625 0.078125 0.4328125
1 0.9453125 0.7875 0.075 0.4125