1 0.17109375 0.05 0.325 0.0828125
1 0.15703125 0.20546875 0.2734375 0.071875
1 0.17578125 0.35625 0.3234375 0.071875
1 0.16875 0.503125 0.3125 0.09375
1 0.1703125 0.65 0.3125 0.0828125
1 0.17578125 0.80546875 0.315625 0.08125
1 0.171875 0.953125 0.3 0.09375
0 0.796875 0.05390625 0.3125 0.071875
0 0.77578125 0.1984375 0.2984375 0.0859375
0 0.8078125 0.35078125 0.3421875 0.090625
0 0.78984375 0.50390625 0.309375 0.078125
0 0.80234375 0.6546875 0.340625 0.084375
0 0.80390625 0.8015625 0.334375 0.08125
0 0.79765625 0.95 0.325 0.09375