0 0.828125 0.0671875 0.25234375 0.0703125
0 0.8125 0.2140625 0.22109375 0.06328125
0 0.83359375 0.3625 0.24140625 0.05625
0 0.8203125 0.5078125 0.215625 0.0671875
0 0.83359375 0.6515625 0.24140625 0.0578125
0 0.834375 0.803125 0.25078125 0.06484375
0 0.8296875 0.94140625 0.24609375 0.05625
1 0.14140625 0.0671875 0.24375 0.0703125
1 0.12421875 0.2171875 0.20390625 0.07421875
1 0.14375 0.36328125 0.24296875 0.06171875
1 0.13828125 0.509375 0.2328125 0.06484375
1 0.1421875 0.65390625 0.24921875 0.0625
1 0.1375 0.79765625 0.24453125 0.0625
1 0.13671875 0.9421875 0.2375 0.06171875