1 0.05 0.82890625 0.0828125 0.325
1 0.20546875 0.84296875 0.071875 0.2734375
1 0.35625 0.82421875 0.071875 0.3234375
1 0.503125 0.83125 0.09375 0.3125
1 0.65 0.8296875 0.0828125 0.3125
1 0.80546875 0.82421875 0.08125 0.315625
1 0.953125 0.828125 0.09375 0.3
0 0.05390625 0.203125 0.071875 0.3125
0 0.1984375 0.22421875 0.0859375 0.2984375
0 0.35078125 0.1921875 0.090625 0.3421875
0 0.50390625 0.21015625 0.078125 0.309375
0 0.6546875 0.19765625 0.084375 0.340625
0 0.8015625 0.19609375 0.08125 0.334375
0 0.95 0.20234375 0.09375 0.325