1 0.153125 0.04453125 0.2578125 0.071875
1 0.13359375 0.196875 0.20625 0.0625
1 0.1484375 0.34921875 0.2359375 0.075
1 0.14296875 0.49375 0.225 0.075
1 0.1484375 0.6421875 0.2453125 0.071875
1 0.14921875 0.79140625 0.240625 0.06875
1 0.14765625 0.94296875 0.234375 0.0640625
0 0.82265625 0.046875 0.25 0.065625
0 0.8125 0.2015625 0.23125 0.0640625
0 0.83046875 0.34921875 0.253125 0.08125
0 0.8140625 0.4984375 0.225 0.0671875
0 0.82578125 0.64375 0.25625 0.06875
0 0.83203125 0.7953125 0.253125 0.078125
0 0.83125 0.94375 0.25 0.06875