0 0.06953125 0.25703125 0.0875 0.375
0 0.221875 0.271875 0.06875 0.3453125
0 0.3671875 0.24609375 0.075 0.39375
0 0.51015625 0.265625 0.0671875 0.346875
0 0.65625 0.23203125 0.078125 0.421875
0 0.803125 0.2421875 0.0765625 0.3953125
0 0.94296875 0.25234375 0.071875 0.375
1 0.071875 0.8078125 0.084375 0.3671875
1 0.21796875 0.83203125 0.075 0.309375
1 0.36328125 0.80703125 0.075 0.365625
1 0.50859375 0.81484375 0.0765625 0.353125
1 0.6546875 0.79140625 0.075 0.396875
1 0.7984375 0.803125 0.06875 0.3703125
1 0.94609375 0.81484375 0.071875 0.346875