0 0.784375 0.071875 0.296875 0.078125
0 0.76640625 0.215625 0.265625 0.0703125
0 0.7953125 0.3578125 0.303125 0.053125
0 0.778125 0.49765625 0.26875 0.0578125
0 0.78984375 0.6390625 0.309375 0.053125
0 0.79375 0.78203125 0.296875 0.05
0 0.78828125 0.9234375 0.290625 0.065625
1 0.18828125 0.071875 0.290625 0.0625
1 0.16484375 0.21875 0.240625 0.0515625
1 0.18828125 0.3546875 0.290625 0.059375
1 0.18125 0.5015625 0.271875 0.065625
1 0.18828125 0.6375 0.2875 0.0578125
1 0.18828125 0.77890625 0.290625 0.0609375
1 0.17734375 0.91875 0.278125 0.05625