0 0.73046875 0.0625 0.4375 0.078125
0 0.709375 0.21484375 0.3890625 0.078125
0 0.74296875 0.3546875 0.453125 0.0828125
0 0.71875 0.50703125 0.403125 0.0828125
0 0.74609375 0.653125 0.45625 0.0828125
0 0.74140625 0.8015625 0.459375 0.0796875
0 0.73671875 0.9453125 0.43125 0.0796875
1 0.234375 0.06328125 0.4265625 0.075
1 0.19921875 0.21328125 0.359375 0.078125
1 0.234375 0.36015625 0.428125 0.0765625
1 0.2234375 0.509375 0.3953125 0.0828125
1 0.2375 0.65 0.4328125 0.071875
1 0.23125 0.803125 0.43125 0.075
1 0.2234375 0.94453125 0.40625 0.08125