0 0.9375 0.73046875 0.078125 0.4375
0 0.78515625 0.709375 0.078125 0.3890625
0 0.6453125 0.74296875 0.0828125 0.453125
0 0.49296875 0.71875 0.0828125 0.403125
0 0.346875 0.74609375 0.0828125 0.45625
0 0.1984375 0.74140625 0.0796875 0.459375
0 0.0546875 0.73671875 0.0796875 0.43125
1 0.93671875 0.234375 0.075 0.4265625
1 0.78671875 0.19921875 0.078125 0.359375
1 0.63984375 0.234375 0.0765625 0.428125
1 0.490625 0.2234375 0.0828125 0.3953125
1 0.35 0.2375 0.071875 0.4328125
1 0.196875 0.23125 0.075 0.43125
1 0.05546875 0.2234375 0.08125 0.40625