0 0.784375 0.071875 0.296875 0.07890625
0 0.76640625 0.215625 0.26484375 0.0703125
0 0.7953125 0.3578125 0.30390625 0.053125
0 0.778125 0.49765625 0.26953125 0.0578125
0 0.78984375 0.6390625 0.30859375 0.05234375
0 0.79375 0.78203125 0.29765625 0.05078125
0 0.78828125 0.9234375 0.290625 0.06640625
1 0.18828125 0.071875 0.28984375 0.0625
1 0.16484375 0.21875 0.24140625 0.0515625
1 0.18828125 0.3546875 0.28984375 0.059375
1 0.18125 0.5015625 0.27109375 0.06640625
1 0.18828125 0.6375 0.28828125 0.0578125
1 0.18828125 0.77890625 0.28984375 0.0609375
1 0.17734375 0.91875 0.27890625 0.05703125