0 0.95390625 0.803125 0.075 0.315625
0 0.7984375 0.784375 0.071875 0.2828125
0 0.65 0.809375 0.084375 0.3375
0 0.49765625 0.796875 0.075 0.30625
0 0.34609375 0.80859375 0.0875 0.33125
0 0.19609375 0.8078125 0.084375 0.3296875
0 0.046875 0.80546875 0.0734375 0.3265625
1 0.95625 0.16640625 0.0609375 0.3125
1 0.79921875 0.1390625 0.0625 0.265625
1 0.65234375 0.1640625 0.078125 0.315625
1 0.49765625 0.159375 0.075 0.2984375
1 0.34765625 0.165625 0.065625 0.309375
1 0.1921875 0.16328125 0.078125 0.3140625
1 0.0453125 0.1609375 0.071875 0.296875