0 0.05703125 0.19296875 0.0796875 0.290625
0 0.2109375 0.20390625 0.0734375 0.24375
0 0.35546875 0.184375 0.065625 0.3015625
0 0.5046875 0.19140625 0.0703125 0.2625
0 0.6515625 0.18203125 0.071875 0.28125
0 0.8 0.18515625 0.071875 0.29375
0 0.94609375 0.1859375 0.0796875 0.275
1 0.0609375 0.83125 0.065625 0.28125
1 0.2046875 0.8515625 0.0734375 0.240625
1 0.3546875 0.82578125 0.06875 0.275
1 0.50390625 0.83828125 0.078125 0.25625
1 0.65234375 0.82265625 0.0875 0.275
1 0.79453125 0.82578125 0.0703125 0.275
1 0.9453125 0.83984375 0.0671875 0.284375