0 0.05625 0.26484375 0.084375 0.4421875
0 0.21171875 0.29453125 0.08125 0.4
0 0.36171875 0.2546875 0.09375 0.459375
0 0.5171875 0.28046875 0.0765625 0.41875
0 0.66171875 0.25234375 0.0796875 0.48125
0 0.81328125 0.25546875 0.0765625 0.471875
0 0.9609375 0.2625 0.078125 0.44375
1 0.059375 0.77578125 0.075 0.4375
1 0.209375 0.81171875 0.0796875 0.365625
1 0.36015625 0.77734375 0.0828125 0.440625
1 0.5125 0.79453125 0.096875 0.4109375
1 0.6609375 0.7734375 0.084375 0.45
1 0.81328125 0.78046875 0.071875 0.4390625
1 0.9625 0.78984375 0.075 0.415625