0 0.803125 0.04609375 0.31640625 0.07421875
0 0.784375 0.2015625 0.2828125 0.071875
0 0.809375 0.35 0.33828125 0.08359375
0 0.796875 0.50234375 0.30546875 0.075
0 0.80859375 0.65390625 0.33125 0.0875
0 0.8078125 0.80390625 0.3296875 0.08359375
0 0.80546875 0.953125 0.3265625 0.0734375
1 0.16640625 0.04375 0.31171875 0.0609375
1 0.1390625 0.20078125 0.265625 0.0625
1 0.1640625 0.34765625 0.315625 0.078125
1 0.159375 0.50234375 0.2984375 0.075
1 0.165625 0.65234375 0.31015625 0.06640625
1 0.16328125 0.8078125 0.3140625 0.078125
1 0.1609375 0.9546875 0.296875 0.07265625