0 0.80703125 0.05703125 0.28984375 0.0796875
0 0.79609375 0.2109375 0.24453125 0.0734375
0 0.815625 0.35546875 0.3015625 0.065625
0 0.80859375 0.5046875 0.26328125 0.0703125
0 0.81796875 0.6515625 0.28203125 0.071875
0 0.81484375 0.8 0.29375 0.07265625
0 0.8140625 0.94609375 0.275 0.0796875
1 0.16875 0.0609375 0.28203125 0.065625
1 0.1484375 0.2046875 0.240625 0.0734375
1 0.17421875 0.3546875 0.275 0.06796875
1 0.16171875 0.50390625 0.25625 0.078125
1 0.17734375 0.65234375 0.27421875 0.08671875
1 0.17421875 0.79453125 0.275 0.0703125
1 0.16015625 0.9453125 0.28359375 0.0671875