0 0.7984375 0.05078125 0.29296875 0.078125
0 0.78203125 0.2 0.25390625 0.08359375
0 0.8046875 0.34453125 0.2859375 0.08671875
0 0.79140625 0.49921875 0.27265625 0.084375
0 0.80703125 0.65078125 0.31015625 0.09296875
0 0.8046875 0.79921875 0.3 0.078125
0 0.80859375 0.94921875 0.2828125 0.0828125
1 0.15859375 0.05078125 0.27890625 0.07421875
1 0.1375 0.19921875 0.2625 0.0859375
1 0.1578125 0.35546875 0.284375 0.08203125
1 0.1546875 0.5 0.2421875 0.08046875
1 0.1578125 0.6515625 0.27109375 0.08203125
1 0.15703125 0.79921875 0.28203125 0.078125
1 0.15234375 0.94921875 0.27265625 0.07890625