0 0.94296875 0.80703125 0.0796875 0.290625
0 0.7890625 0.79609375 0.0734375 0.24375
0 0.64453125 0.815625 0.065625 0.3015625
0 0.4953125 0.80859375 0.0703125 0.2625
0 0.3484375 0.81796875 0.071875 0.28125
0 0.2 0.81484375 0.071875 0.29375
0 0.05390625 0.8140625 0.0796875 0.275
1 0.9390625 0.16875 0.065625 0.28125
1 0.7953125 0.1484375 0.0734375 0.240625
1 0.6453125 0.17421875 0.06875 0.275
1 0.49609375 0.16171875 0.078125 0.25625
1 0.34765625 0.17734375 0.0875 0.275
1 0.20546875 0.17421875 0.0703125 0.275
1 0.0546875 0.16015625 0.0671875 0.284375