0 0.8296875 0.0625 0.2359375 0.07265625
0 0.81484375 0.2140625 0.21875 0.07109375
0 0.83828125 0.36015625 0.24375 0.059375
0 0.82421875 0.509375 0.21640625 0.06171875
0 0.83671875 0.659375 0.24609375 0.0609375
0 0.8359375 0.80703125 0.2484375 0.05625
0 0.83203125 0.95234375 0.2453125 0.059375
1 0.15078125 0.0640625 0.2328125 0.059375
1 0.13046875 0.21328125 0.19921875 0.065625
1 0.146875 0.36171875 0.24140625 0.0625
1 0.1453125 0.515625 0.23046875 0.06640625
1 0.1484375 0.653125 0.24140625 0.065625
1 0.15234375 0.80546875 0.234375 0.053125
1 0.14765625 0.95 0.22578125 0.05859375