0 0.05859375 0.2203125 0.103125 0.3234375
0 0.2078125 0.22890625 0.09375 0.3
0 0.3578125 0.209375 0.09375 0.334375
0 0.5015625 0.2265625 0.1015625 0.3
0 0.65 0.20546875 0.0890625 0.340625
0 0.79765625 0.21328125 0.096875 0.3421875
0 0.94296875 0.215625 0.109375 0.3375
1 0.0609375 0.83515625 0.0953125 0.3109375
1 0.2078125 0.85078125 0.09375 0.28125
1 0.3546875 0.83515625 0.09375 0.3109375
1 0.4984375 0.8390625 0.090625 0.303125
1 0.65078125 0.82734375 0.1 0.3265625
1 0.796875 0.834375 0.1 0.31875
1 0.93984375 0.8390625 0.1015625 0.303125