1 0.1796875 0.06015625 0.3125 0.103125
1 0.1671875 0.20546875 0.27734375 0.0921875
1 0.18359375 0.35234375 0.30859375 0.096875
1 0.1734375 0.4984375 0.30625 0.1
1 0.18828125 0.646875 0.33046875 0.09921875
1 0.184375 0.7953125 0.31640625 0.10078125
1 0.17890625 0.94453125 0.3046875 0.109375
0 0.78515625 0.06015625 0.34140625 0.10703125
0 0.77578125 0.203125 0.30078125 0.09609375
0 0.79765625 0.3515625 0.34375 0.09921875
0 0.7734375 0.50078125 0.30625 0.1015625
0 0.80234375 0.65078125 0.34765625 0.10390625
0 0.7875 0.78828125 0.34140625 0.09453125
0 0.7921875 0.946875 0.35 0.10625