0 0.93515625 0.7859375 0.09375 0.31875
0 0.7859375 0.77578125 0.0875 0.296875
0 0.640625 0.79140625 0.096875 0.346875
0 0.48984375 0.7734375 0.090625 0.296875
0 0.3484375 0.8015625 0.084375 0.34375
0 0.2015625 0.79296875 0.0875 0.33125
0 0.05546875 0.79140625 0.090625 0.321875
1 0.9328125 0.16171875 0.0875 0.3046875
1 0.7875 0.15 0.084375 0.275
1 0.64140625 0.1671875 0.090625 0.303125
1 0.49296875 0.16328125 0.09375 0.296875
1 0.34765625 0.175 0.0890625 0.325
1 0.2046875 0.16953125 0.08125 0.321875
1 0.05625 0.16015625 0.0875 0.303125