0 0.94140625 0.7796875 0.103125 0.3234375
0 0.7921875 0.77109375 0.09375 0.3
0 0.6421875 0.790625 0.09375 0.334375
0 0.4984375 0.7734375 0.1015625 0.3
0 0.35 0.79453125 0.0890625 0.340625
0 0.20234375 0.78671875 0.096875 0.3421875
0 0.05703125 0.784375 0.109375 0.3375
1 0.9390625 0.16484375 0.0953125 0.3109375
1 0.7921875 0.14921875 0.09375 0.28125
1 0.6453125 0.16484375 0.09375 0.3109375
1 0.5015625 0.1609375 0.090625 0.303125
1 0.34921875 0.17265625 0.1 0.3265625
1 0.203125 0.165625 0.1 0.31875
1 0.06015625 0.1609375 0.1015625 0.303125