0 0.7859375 0.06484375 0.31875 0.09453125
0 0.77578125 0.2140625 0.29765625 0.0875
0 0.79140625 0.359375 0.34609375 0.09609375
0 0.7734375 0.51015625 0.29765625 0.090625
0 0.8015625 0.6515625 0.34375 0.08359375
0 0.79296875 0.7984375 0.33203125 0.08671875
0 0.79140625 0.94453125 0.32265625 0.08984375
1 0.16171875 0.0671875 0.3046875 0.08671875
1 0.15 0.2125 0.27578125 0.084375
1 0.1671875 0.35859375 0.303125 0.090625
1 0.16328125 0.50703125 0.29609375 0.09375
1 0.175 0.65234375 0.325 0.0890625
1 0.16953125 0.7953125 0.32109375 0.08203125
1 0.16015625 0.94375 0.30234375 0.08828125