1 0.9359375 0.17578125 0.109375 0.3125
1 0.790625 0.15703125 0.103125 0.290625
1 0.64296875 0.17578125 0.096875 0.3125
1 0.49375 0.1703125 0.10625 0.296875
1 0.35078125 0.18125 0.096875 0.3125
1 0.2078125 0.175 0.09375 0.3046875
1 0.0640625 0.16640625 0.1 0.29375
0 0.9375 0.7546875 0.1125 0.321875
0 0.79375 0.74609375 0.096875 0.303125
0 0.64453125 0.7609375 0.096875 0.334375
0 0.5 0.7484375 0.1 0.303125
0 0.35390625 0.76875 0.103125 0.371875
0 0.20546875 0.76484375 0.103125 0.340625
0 0.0625 0.759375 0.1046875 0.325