1 0.1625 0.05234375 0.3125 0.09921875
1 0.1421875 0.2046875 0.28359375 0.10546875
1 0.16328125 0.35234375 0.325 0.10234375
1 0.15546875 0.50390625 0.309375 0.1015625
1 0.16640625 0.65390625 0.33203125 0.10625
1 0.15625 0.80078125 0.30625 0.10078125
1 0.153125 0.9515625 0.3046875 0.09609375
0 0.7671875 0.0515625 0.32734375 0.09375
0 0.759375 0.2015625 0.29296875 0.0953125
0 0.77578125 0.34921875 0.34296875 0.1046875
0 0.76015625 0.5015625 0.31328125 0.109375
0 0.78515625 0.6515625 0.3515625 0.08984375
0 0.78203125 0.80078125 0.3390625 0.096875
0 0.77578125 0.94921875 0.3453125 0.1015625