1 0.05234375 0.8375 0.1 0.3125
1 0.2046875 0.8578125 0.10625 0.284375
1 0.35234375 0.83671875 0.103125 0.325
1 0.50390625 0.84453125 0.1015625 0.309375
1 0.65390625 0.83359375 0.10625 0.33125
1 0.80078125 0.84375 0.1 0.30625
1 0.9515625 0.846875 0.096875 0.3046875
0 0.0515625 0.2328125 0.09375 0.328125
0 0.2015625 0.240625 0.0953125 0.29375
0 0.34921875 0.22421875 0.1046875 0.34375
0 0.5015625 0.23984375 0.109375 0.3125
0 0.6515625 0.21484375 0.090625 0.3515625
0 0.80078125 0.21796875 0.096875 0.3390625
0 0.94921875 0.22421875 0.1015625 0.3453125