1 0.1640625 0.04453125 0.290625 0.0796875
1 0.140625 0.1953125 0.24453125 0.08125
1 0.1640625 0.34765625 0.290625 0.09921875
1 0.15625 0.503125 0.28125 0.08984375
1 0.165625 0.64921875 0.2875 0.0828125
1 0.165625 0.8 0.2765625 0.0765625
1 0.159375 0.95 0.275 0.08515625
0 0.79921875 0.04296875 0.309375 0.07265625
0 0.78671875 0.1921875 0.26640625 0.0796875
0 0.809375 0.35078125 0.29921875 0.096875
0 0.790625 0.49921875 0.27421875 0.07734375
0 0.80625 0.653125 0.3 0.08984375
0 0.80625 0.79609375 0.3 0.08125
0 0.80390625 0.94765625 0.30078125 0.08046875