1 0.04453125 0.8359375 0.0796875 0.290625
1 0.1953125 0.859375 0.08125 0.24375
1 0.34765625 0.8359375 0.1 0.290625
1 0.503125 0.84375 0.090625 0.28125
1 0.64921875 0.834375 0.0828125 0.2875
1 0.8 0.834375 0.0765625 0.2765625
1 0.95 0.840625 0.084375 0.275
0 0.04296875 0.20078125 0.071875 0.309375
0 0.1921875 0.21328125 0.0796875 0.265625
0 0.35078125 0.190625 0.096875 0.3
0 0.49921875 0.209375 0.078125 0.275
0 0.653125 0.19375 0.090625 0.3
0 0.79609375 0.19375 0.08125 0.3
0 0.94765625 0.19609375 0.08125 0.3