1 0.1734375 0.0578125 0.2625 0.071875
1 0.15390625 0.20234375 0.2125 0.0640625
1 0.17421875 0.3546875 0.253125 0.06875
1 0.175 0.4984375 0.23125 0.078125
1 0.18125 0.64453125 0.25625 0.071875
1 0.1765625 0.78828125 0.26875 0.065625
1 0.1703125 0.9328125 0.25 0.071875
0 0.76796875 0.053125 0.26875 0.071875
0 0.75625 0.2015625 0.2296875 0.0625
0 0.76875 0.346875 0.275 0.06875
0 0.76171875 0.4953125 0.2453125 0.065625
0 0.77265625 0.63984375 0.284375 0.0703125
0 0.77109375 0.7859375 0.275 0.0671875
0 0.76875 0.928125 0.275 0.0875