1 0.9421875 0.1734375 0.071875 0.2625
1 0.79765625 0.15390625 0.0640625 0.2125
1 0.6453125 0.17421875 0.06875 0.253125
1 0.5015625 0.175 0.078125 0.23125
1 0.35546875 0.18125 0.071875 0.25625
1 0.21171875 0.1765625 0.065625 0.26875
1 0.0671875 0.1703125 0.071875 0.25
0 0.946875 0.76796875 0.071875 0.26875
0 0.7984375 0.75625 0.0625 0.2296875
0 0.653125 0.76875 0.06875 0.275
0 0.5046875 0.76171875 0.065625 0.2453125
0 0.36015625 0.77265625 0.0703125 0.284375
0 0.2140625 0.77109375 0.0671875 0.275
0 0.071875 0.76875 0.0875 0.275