1 0.059375 0.85234375 0.071875 0.234375
1 0.20859375 0.86953125 0.065625 0.2
1 0.36015625 0.8515625 0.0625 0.234375
1 0.51328125 0.85546875 0.06875 0.2140625
1 0.6625 0.8515625 0.06875 0.234375
1 0.80625 0.8515625 0.065625 0.23125
1 0.9578125 0.85 0.078125 0.225
0 0.0609375 0.20546875 0.08125 0.240625
0 0.2140625 0.2140625 0.071875 0.20625
0 0.3625 0.19765625 0.08125 0.24375
0 0.51640625 0.215625 0.08125 0.23125
0 0.65859375 0.19921875 0.078125 0.240625
0 0.815625 0.196875 0.075 0.240625
0 0.9578125 0.2015625 0.078125 0.2359375