1 0.1921875 0.05234375 0.365625 0.078125
1 0.16796875 0.2 0.3078125 0.078125
1 0.1921875 0.3546875 0.36953125 0.08828125
1 0.1859375 0.51171875 0.35234375 0.08046875
1 0.2109375 0.66015625 0.40703125 0.078125
1 0.1953125 0.809375 0.3796875 0.08203125
1 0.184375 0.95703125 0.35546875 0.0859375
0 0.74453125 0.046875 0.38125 0.08359375
0 0.73046875 0.2015625 0.33984375 0.06796875
0 0.75859375 0.3546875 0.39140625 0.075
0 0.73828125 0.50625 0.353125 0.06640625
0 0.775 0.65546875 0.4265625 0.06796875
0 0.76171875 0.80546875 0.40078125 0.06953125
0 0.7515625 0.9609375 0.38125 0.078125