1 0.94765625 0.1921875 0.078125 0.365625
1 0.8 0.16796875 0.078125 0.3078125
1 0.6453125 0.1921875 0.0875 0.36875
1 0.48828125 0.1859375 0.08125 0.353125
1 0.33984375 0.2109375 0.078125 0.40625
1 0.190625 0.1953125 0.08125 0.3796875
1 0.04296875 0.184375 0.0859375 0.35625
0 0.953125 0.74453125 0.084375 0.38125
0 0.7984375 0.73046875 0.06875 0.340625
0 0.6453125 0.75859375 0.075 0.390625
0 0.49375 0.73828125 0.065625 0.353125
0 0.34453125 0.775 0.06875 0.4265625
0 0.19453125 0.76171875 0.06875 0.4
0 0.0390625 0.7515625 0.078125 0.38125