1 0.940625 0.14765625 0.071875 0.234375
1 0.79140625 0.13046875 0.065625 0.2
1 0.63984375 0.1484375 0.0625 0.234375
1 0.48671875 0.14453125 0.06875 0.2140625
1 0.3375 0.1484375 0.06875 0.234375
1 0.19375 0.1484375 0.065625 0.23125
1 0.0421875 0.15 0.078125 0.225
0 0.9390625 0.79453125 0.08125 0.240625
0 0.7859375 0.7859375 0.071875 0.20625
0 0.6375 0.80234375 0.08125 0.24375
0 0.48359375 0.784375 0.08125 0.23125
0 0.34140625 0.80078125 0.078125 0.240625
0 0.184375 0.803125 0.075 0.240625
0 0.0421875 0.7984375 0.078125 0.2359375