0 0.93515625 0.79296875 0.078125 0.296875
0 0.79375 0.78984375 0.06875 0.303125
0 0.64609375 0.8015625 0.075 0.3171875
0 0.49765625 0.79375 0.065625 0.3015625
0 0.35 0.796875 0.05625 0.3046875
0 0.2015625 0.803125 0.0734375 0.309375
0 0.05625 0.8140625 0.071875 0.31875
1 0.93515625 0.1625 0.075 0.2875
1 0.7890625 0.15234375 0.0734375 0.2671875
1 0.6421875 0.1609375 0.0546875 0.2875
1 0.4953125 0.16484375 0.0609375 0.29375
1 0.34921875 0.15546875 0.065625 0.275
1 0.2 0.159375 0.059375 0.284375
1 0.0546875 0.16796875 0.053125 0.296875