1 0.95 0.15703125 0.09375 0.296875
1 0.796875 0.15078125 0.0875 0.2765625
1 0.646875 0.16015625 0.075 0.303125
1 0.49609375 0.16640625 0.084375 0.3125
1 0.34765625 0.15390625 0.08125 0.284375
1 0.19296875 0.15859375 0.06875 0.296875
1 0.04609375 0.1671875 0.0890625 0.3015625
0 0.94765625 0.79375 0.08125 0.3078125
0 0.80078125 0.7953125 0.08125 0.3140625
0 0.65078125 0.803125 0.0796875 0.325
0 0.49375 0.79609375 0.071875 0.3109375
0 0.34296875 0.7984375 0.078125 0.3203125
0 0.19453125 0.80390625 0.078125 0.3234375
0 0.04296875 0.81640625 0.0859375 0.340625