0 0.94609375 0.7890625 0.071875 0.3
0 0.7921875 0.784375 0.071875 0.309375
0 0.64453125 0.8 0.071875 0.3125
0 0.49140625 0.790625 0.071875 0.303125
0 0.34296875 0.79375 0.0765625 0.303125
0 0.1921875 0.80078125 0.078125 0.30625
0 0.0421875 0.8109375 0.0671875 0.321875
1 0.94296875 0.159375 0.0796875 0.3015625
1 0.78828125 0.1515625 0.078125 0.275
1 0.63984375 0.1609375 0.0734375 0.296875
1 0.48984375 0.165625 0.0765625 0.303125
1 0.34609375 0.15703125 0.075 0.284375
1 0.19609375 0.16015625 0.075 0.290625
1 0.05 0.1671875 0.090625 0.290625