1 0.95546875 0.15546875 0.0875 0.3015625
1 0.80703125 0.146875 0.0875 0.2765625
1 0.6578125 0.15625 0.0859375 0.296875
1 0.50546875 0.16015625 0.0890625 0.303125
1 0.353125 0.14921875 0.0875 0.290625
1 0.203125 0.15546875 0.0875 0.290625
1 0.05234375 0.16015625 0.075 0.303125
0 0.95703125 0.7875 0.08125 0.3125
0 0.809375 0.78984375 0.078125 0.3125
0 0.6578125 0.8 0.08125 0.315625
0 0.5078125 0.7921875 0.071875 0.309375
0 0.35234375 0.790625 0.090625 0.321875
0 0.2015625 0.79765625 0.078125 0.3203125
0 0.04921875 0.80859375 0.08125 0.3375