0 0.7828125 0.0609375 0.29375 0.07890625
0 0.78046875 0.20859375 0.29375 0.059375
0 0.790625 0.353125 0.30546875 0.05859375
0 0.78515625 0.50234375 0.2984375 0.059375
0 0.78671875 0.6484375 0.30625 0.0625
0 0.78828125 0.796875 0.3203125 0.07265625
0 0.80234375 0.9390625 0.3328125 0.06328125
1 0.159375 0.0640625 0.28203125 0.0765625
1 0.14453125 0.20703125 0.26796875 0.06484375
1 0.1640625 0.34921875 0.284375 0.06328125
1 0.16484375 0.5 0.28359375 0.06171875
1 0.1515625 0.64453125 0.27890625 0.0578125
1 0.159375 0.78828125 0.28203125 0.07265625
1 0.1640625 0.94140625 0.29140625 0.06875