0 0.7890625 0.05390625 0.29921875 0.07265625
0 0.784375 0.2078125 0.30859375 0.07109375
0 0.8 0.35546875 0.3125 0.07265625
0 0.790625 0.50859375 0.30234375 0.07265625
0 0.79375 0.65703125 0.303125 0.0765625
0 0.80078125 0.8078125 0.30703125 0.07734375
0 0.8109375 0.9578125 0.32265625 0.0671875
1 0.159375 0.05703125 0.3015625 0.0796875
1 0.1515625 0.21171875 0.275 0.07734375
1 0.1609375 0.36015625 0.29765625 0.0734375
1 0.165625 0.51015625 0.30234375 0.0765625
1 0.15703125 0.65390625 0.28515625 0.075
1 0.16015625 0.80390625 0.29140625 0.07421875
1 0.1671875 0.95 0.28984375 0.08984375