0 0.9390625 0.7828125 0.078125 0.29375
0 0.79140625 0.78046875 0.059375 0.29375
0 0.646875 0.790625 0.059375 0.30625
0 0.49765625 0.78515625 0.059375 0.2984375
0 0.3515625 0.78671875 0.0625 0.30625
0 0.203125 0.78828125 0.071875 0.3203125
0 0.0609375 0.80234375 0.0625 0.3328125
1 0.9359375 0.159375 0.0765625 0.28125
1 0.79296875 0.14453125 0.065625 0.26875
1 0.65078125 0.1640625 0.0625 0.284375
1 0.5 0.16484375 0.0625 0.284375
1 0.35546875 0.1515625 0.0578125 0.278125
1 0.21171875 0.159375 0.071875 0.28125
1 0.05859375 0.1640625 0.06875 0.290625