1 0.15703125 0.05 0.296875 0.09375
1 0.15078125 0.203125 0.2765625 0.0875
1 0.16015625 0.353125 0.303125 0.075
1 0.16640625 0.50390625 0.3125 0.084375
1 0.15390625 0.65234375 0.28359375 0.08046875
1 0.15859375 0.80703125 0.29609375 0.06875
1 0.1671875 0.95390625 0.3015625 0.0890625
0 0.79375 0.05234375 0.3078125 0.08203125
0 0.7953125 0.19921875 0.3140625 0.08046875
0 0.803125 0.34921875 0.325 0.0796875
0 0.79609375 0.50625 0.3109375 0.071875
0 0.7984375 0.65703125 0.3203125 0.07734375
0 0.80390625 0.80546875 0.3234375 0.07890625
0 0.81640625 0.95703125 0.33984375 0.0859375