1 0.96171875 0.15 0.071875 0.3
1 0.803125 0.1421875 0.0765625 0.28125
1 0.65 0.1515625 0.075 0.29375
1 0.49609375 0.15703125 0.071875 0.30625
1 0.33984375 0.14765625 0.071875 0.2875
1 0.18828125 0.153125 0.0640625 0.296875
1 0.034375 0.1609375 0.0640625 0.30625
0 0.96171875 0.79375 0.0765625 0.309375
0 0.8046875 0.796875 0.065625 0.3
0 0.64921875 0.80859375 0.06875 0.321875
0 0.49375 0.8 0.071875 0.309375
0 0.340625 0.80234375 0.065625 0.3125
0 0.1875 0.809375 0.0625 0.31875
0 0.03359375 0.8171875 0.05625 0.3375