0 0.79296875 0.06484375 0.29609375 0.078125
0 0.78984375 0.20625 0.30234375 0.06875
0 0.8015625 0.35390625 0.3171875 0.07578125
0 0.79375 0.50234375 0.3015625 0.065625
0 0.796875 0.65 0.3046875 0.05546875
0 0.803125 0.7984375 0.30859375 0.0734375
0 0.8140625 0.94375 0.31796875 0.07265625
1 0.1625 0.06484375 0.28828125 0.07421875
1 0.15234375 0.2109375 0.2671875 0.0734375
1 0.1609375 0.3578125 0.28828125 0.0546875
1 0.16484375 0.5046875 0.29296875 0.0609375
1 0.15546875 0.65078125 0.27421875 0.06640625
1 0.159375 0.8 0.28515625 0.059375
1 0.16796875 0.9453125 0.29609375 0.05390625