1 0.15 0.03828125 0.3 0.07109375
1 0.1421875 0.196875 0.28046875 0.0765625
1 0.1515625 0.35 0.29453125 0.075
1 0.15703125 0.50390625 0.30546875 0.071875
1 0.14765625 0.66015625 0.2875 0.071875
1 0.153125 0.81171875 0.29765625 0.0640625
1 0.1609375 0.965625 0.30625 0.0640625
0 0.79375 0.03828125 0.309375 0.0765625
0 0.796875 0.1953125 0.30078125 0.065625
0 0.80859375 0.35078125 0.321875 0.06953125
0 0.8 0.50625 0.30859375 0.071875
0 0.80234375 0.659375 0.31328125 0.06640625
0 0.809375 0.8125 0.31953125 0.06171875
0 0.8171875 0.96640625 0.33828125 0.05703125