0 0.0640625 0.29609375 0.071875 0.3890625
0 0.21015625 0.28671875 0.0703125 0.39375
0 0.3578125 0.27578125 0.053125 0.40625
0 0.50546875 0.28828125 0.0625 0.38125
0 0.6515625 0.2734375 0.06875 0.4
0 0.79921875 0.27265625 0.0609375 0.4125
0 0.94453125 0.2671875 0.0734375 0.428125
1 0.0671875 0.809375 0.065625 0.3609375
1 0.2125 0.81875 0.0625 0.353125
1 0.35546875 0.8015625 0.053125 0.353125
1 0.50078125 0.796875 0.071875 0.3859375
1 0.64765625 0.80234375 0.0703125 0.375
1 0.79921875 0.8046875 0.0703125 0.35
1 0.93828125 0.80234375 0.0625 0.3890625