0 0.9375 0.7203125 0.075 0.3828125
0 0.7953125 0.7296875 0.0578125 0.390625
0 0.653125 0.73984375 0.0671875 0.4109375
0 0.50390625 0.7234375 0.0546875 0.384375
0 0.35859375 0.74140625 0.0609375 0.4109375
0 0.215625 0.74296875 0.075 0.403125
0 0.07578125 0.74765625 0.06875 0.41875
1 0.94296875 0.19765625 0.065625 0.365625
1 0.79609375 0.18828125 0.0625 0.35
1 0.6515625 0.2046875 0.053125 0.359375
1 0.503125 0.209375 0.05625 0.378125
1 0.36328125 0.20546875 0.059375 0.375
1 0.215625 0.20390625 0.059375 0.3578125
1 0.06875 0.20703125 0.0578125 0.384375