0 0.70390625 0.0640625 0.3890625 0.07265625
0 0.71328125 0.21015625 0.39296875 0.0703125
0 0.72421875 0.3578125 0.40546875 0.05390625
0 0.71171875 0.50546875 0.38046875 0.0625
0 0.7265625 0.6515625 0.40078125 0.06953125
0 0.72734375 0.79921875 0.41171875 0.0609375
0 0.7328125 0.94453125 0.42734375 0.0734375
1 0.190625 0.0671875 0.3609375 0.06640625
1 0.18125 0.2125 0.35234375 0.06171875
1 0.1984375 0.35546875 0.35234375 0.053125
1 0.203125 0.50078125 0.3859375 0.07109375
1 0.19765625 0.64765625 0.37421875 0.0703125
1 0.1953125 0.79921875 0.35078125 0.0703125
1 0.19765625 0.93828125 0.3890625 0.06171875