1 0.1984375 0.06015625 0.359375 0.0734375
1 0.19140625 0.20625 0.3359375 0.07109375
1 0.20390625 0.35 0.35625 0.07265625
1 0.20859375 0.50078125 0.36953125 0.07109375
1 0.20390625 0.6453125 0.3703125 0.07265625
1 0.20625 0.78984375 0.35546875 0.07265625
1 0.209375 0.93984375 0.3671875 0.07265625
0 0.69765625 0.06015625 0.36796875 0.08125
0 0.6984375 0.20703125 0.384375 0.0765625
0 0.71640625 0.35390625 0.40078125 0.06796875
0 0.696875 0.50234375 0.3765625 0.06484375
0 0.7109375 0.64609375 0.4 0.06328125
0 0.7125 0.79296875 0.39375 0.065625
0 0.72578125 0.9375 0.40078125 0.0734375